Input size: 108
Input keys: 
51255    7597    47338    17605    49075
48085    5443    37048    79764    72427
48636    64879    54030    48791    75534
56818    23366    33741    5166    14570
59397    91580    61798    6453    32085
30633    43810    43459    92551    60157
36689    41783    75590    1472    29680
19270    96096    91262    57902    64528
78925    51586    65398    32541    82714
34821    26051    67160    70003    99788
16911    22805    7617    28493    98930
50229    39094    67927    32569    87680
57263    68980    62332    47625    58780
26410    66328    27687    17145    26820
83190    16546    25399    83477    58544
98626    96591    29459    66066    42578
79786    66639    44522    44614    4332
91209    85553    40474    70276    43665
54806    85890    26286    35476    98975
39409    2256    24113    62684    70362
90314    81450    58220    40491    49213
35158    85372    62636

-----------------------------------------------
Method: division mod120
Hash Table size: 120
	bucket size: 1
Collision handling scheme: linear
	primary collisions: 131
	secondary collisions: 115
	total collisions: 246
Keys not inserted: []
Load factor: 0.9
Hash table: 
2256    24113    44522    81450    35158
22805    5166    67927    26286    91209
43810    26051    26410    4332    49213
51255    62636    ----    ----    43459
91580    33741    32541    41783    34821
57263    58220    ----    ----    ----
54030    92551    1472    30633    82714
83190    48636    7597    60157    66639
29680    40474    70362    5443    70003
32085    62684    ----    ----    32569
14570    98930    62332    28493    75534
39409    40491    7617    47338    56818
26820    29459    91262    57902    85372
----    66066    72427    99788    50229
19270    48791    ----    ----    90314
----    70276    83477    35476    64879
67160    87680    25399    ----    79764
17605    48085    23366    37048    36689
64528    78925    66328    6453    39094
27687    96096    44614    42578    54806
68980    58780    85890    98975    58544
47625    51586    17145    16546    98626
75590    16911    96591    79786    85553
49075    43665    59397    61798    65398

