Input size: 108
Input keys: 
51255    7597    47338    17605    49075
48085    5443    37048    79764    72427
48636    64879    54030    48791    75534
56818    23366    33741    5166    14570
59397    91580    61798    6453    32085
30633    43810    43459    92551    60157
36689    41783    75590    1472    29680
19270    96096    91262    57902    64528
78925    51586    65398    32541    82714
34821    26051    67160    70003    99788
16911    22805    7617    28493    98930
50229    39094    67927    32569    87680
57263    68980    62332    47625    58780
26410    66328    27687    17145    26820
83190    16546    25399    83477    58544
98626    96591    29459    66066    42578
79786    66639    44522    44614    4332
91209    85553    40474    70276    43665
54806    85890    26286    35476    98975
39409    2256    24113    62684    70362
90314    81450    58220    40491    49213
35158    85372    62636

-----------------------------------------------
Method: division mod120
Hash Table size: 120
	bucket size: 1
Collision handling scheme: chaining
	primary collisions: 35
	secondary collisions: 9
	total collisions: 44
Keys not inserted: []
Load factor: 0.9
Hash table: 
----    ----    44522    58780    16546
22805    81450    70003    ----    24113
4332    26051    34821    49213    ----
51255    67927    78925    32541    43459
91580    54806    66328    41783    ----
----    ----    ----    ----    ----
39409    92551    64528    98930    82714
----    48636    7597    57902    66639
48085    ----    26286    83190    62684
26410    29680    ----    ----    60157
96591    17145    62332    28493    75534
----    85372    7617    47338    29459
56818    ----    91262    35158    ----
----    66066    72427    99788    50229
65398    43665    87680    ----    90314
----    70276    83477    ----    64879
67160    ----    79786    ----    79764
17605    23366    25399    37048    36689
85890    98626    ----    6453    39094
98975    96096    35476    42578    ----
68980    ----    ----    70362    58544
62636    26820    57263    44614    2256
32569    16911    40474    85553    ----
49075    40491    58220    61798    ----

