Input size: 108
Input keys: 
51255    7597    47338    17605    49075
48085    5443    37048    79764    72427
48636    64879    54030    48791    75534
56818    23366    33741    5166    14570
59397    91580    61798    6453    32085
30633    43810    43459    92551    60157
36689    41783    75590    1472    29680
19270    96096    91262    57902    64528
78925    51586    65398    32541    82714
34821    26051    67160    70003    99788
16911    22805    7617    28493    98930
50229    39094    67927    32569    87680
57263    68980    62332    47625    58780
26410    66328    27687    17145    26820
83190    16546    25399    83477    58544
98626    96591    29459    66066    42578
79786    66639    44522    44614    4332
91209    85553    40474    70276    43665
54806    85890    26286    35476    98975
39409    2256    24113    62684    70362
90314    81450    58220    40491    49213
35158    85372    62636

-----------------------------------------------
Method: division mod41
Hash Table size: 120
	bucket size: 3
Collision handling scheme: linear
	primary collisions: 25
	secondary collisions: 39
	total collisions: 64
Keys not inserted: []
Load factor: 0.9
Hash table: 
1    5166    43459    19270
2    48791    78925    83190
3    67160    83477    79786
4    65398    44522    70276
5    41783    50229    43665
6    51255    26286    98975
7    30633    26410    26820
8    17145    44614    40474
9    51586    39409    2256
10    22805    24113    70362
11    48636    60157    57902
12    61798    35476    58220
13    7597    75534    34821
14    62332    27687    49213
15    92551    66639    85372
16    14570    32569    66066
17    17605    6453    26051
18    64879    82714    70003
19    68980    ----    ----
20    79764    16911    ----
21    25399    42578    ----
22    72427    39094    98626
23    43810    87680    29459
24    32085    16546    35158
25    47338    47625    81450
26    37048    91209    40491
27    ----    ----    ----
28    91580    75590    57263
29    32541    58780    4332
30    59397    85553    62636
31    54806    ----    ----
32    5443    67927    66328
33    7617    90314    ----
34    48085    54030    56818
35    96096    ----    ----
36    36689    64528    99788
37    96591    85890    62684
38    23366    1472    29680
39    91262    98930    58544
40    49075    33741    28493
