Input size: 108
Input keys: 
51255    7597    47338    17605    49075
48085    5443    37048    79764    72427
48636    64879    54030    48791    75534
56818    23366    33741    5166    14570
59397    91580    61798    6453    32085
30633    43810    43459    92551    60157
36689    41783    75590    1472    29680
19270    96096    91262    57902    64528
78925    51586    65398    32541    82714
34821    26051    67160    70003    99788
16911    22805    7617    28493    98930
50229    39094    67927    32569    87680
57263    68980    62332    47625    58780
26410    66328    27687    17145    26820
83190    16546    25399    83477    58544
98626    96591    29459    66066    42578
79786    66639    44522    44614    4332
91209    85553    40474    70276    43665
54806    85890    26286    35476    98975
39409    2256    24113    62684    70362
90314    81450    58220    40491    49213
35158    85372    62636

-----------------------------------------------
Method: division mod113
Hash Table size: 120
	bucket size: 1
Collision handling scheme: chaining
	primary collisions: 36
	secondary collisions: 4
	total collisions: 40
Keys not inserted: []
Load factor: 0.9
Hash table: 
44522    54806    27687    96096    92551
64528    ----    ----    68980    99788
30633    40474    6453    4332    67927
35158    54030    64879    62636    5443
58780    ----    83190    ----    ----
32569    91580    90314    ----    ----
----    ----    ----    49075    26410
----    ----    40491    35476    26820
57902    58544    ----    44614    24113
98975    48636    43665    16546    ----
75534    7617    47625    ----    79786
98930    70003    50229    42578    ----
34821    26051    ----    62684    23366
----    28493    33741    ----    32085
85372    91262    39409    49213    29680
----    29459    36689    ----    43810
75590    5166    17145    83477    65398
85553    19270    25399    48791    96591
62332    22805    56818    ----    85890
----    66328    37048    ----    2256
61798    ----    58220    70276    16911
87680    81450    72427    ----    39094
32541    66066    66639    98626    ----
----    43459    ----    ----    70362

