Input size: 120
Input keys: 
51771    30989    5491    77700    55626
56405    21132    25790    59512    38523
52201    46646    38663    13759    49407
85918    39630    54207    20100    46732
2453    98514    7973    65233    37716
15436    46207    88736    88556    23384
46679    36936    37172    8891    66168
9602    91925    68770    80668    79492
54853    94371    21359    63809    62105
69949    32005    87987    34772    80525
48766    55186    72839    47285    26524
98427    89310    84050    46551    77148
69514    50046    59096    59690    80608
58695    58903    60205    32291    37987
54059    76357    69019    86583    92417
82090    34774    68185    70849    97467
49837    23275    60972    4444    31644
11122    78703    22132    45244    71939
88566    24403    29542    58229    17876
57642    80071    11003    24571    9976
45399    18661    94480    59437    23225
49510    8220    21483    43027    59383
98231    83643    24969    35380    38890
18529    49314    5211    75686    78618


-----------------------------------------------
Method: division mod120
Hash Table size: 120
	bucket size: 1
Collision handling scheme: linear
	primary collisions: 441
	secondary collisions: 483
	total collisions: 924
Keys not inserted: []
Load factor: 1.0
Hash table: 
21359    52201    9602    38523    72839
56405    91925    46207    80525    47285
68770    8891    21132    54853    26524
50046    58695    32291    92417    69019
82090    60972    4444    38663    45244
68185    88566    87987    80668    30989
39630    98427    89310    97467    69514
29542    37716    76357    49837    58229
80071    9976    57642    24403    45399
94480    48766    59437    66168    70849
84050    51771    46732    2453    7973
79492    88736    94371    59096    59690
77700    20100    54059    86583    22132
62105    55626    37987    71939    18661
23225    49510    8220    65233    21483
43027    15436    98231    83643    13759
24969    38890    11122    11003    31644
32005    46646    49407    54207    63809
80608    5491    37172    34772    60205
34774    36936    24571    18529    49314
35380    5211    75686    58903    23384
78703    55186    59383    77148    69949
25790    46551    59512    78618    98514
23275    88556    17876    85918    46679

