Input size: 120
Input keys: 
51771    30989    5491    77700    55626
56405    21132    25790    59512    38523
52201    46646    38663    13759    49407
85918    39630    54207    20100    46732
2453    98514    7973    65233    37716
15436    46207    88736    88556    23384
46679    36936    37172    8891    66168
9602    91925    68770    80668    79492
54853    94371    21359    63809    62105
69949    32005    87987    34772    80525
48766    55186    72839    47285    26524
98427    89310    84050    46551    77148
69514    50046    59096    59690    80608
58695    58903    60205    32291    37987
54059    76357    69019    86583    92417
82090    34774    68185    70849    97467
49837    23275    60972    4444    31644
11122    78703    22132    45244    71939
88566    24403    29542    58229    17876
57642    80071    11003    24571    9976
45399    18661    94480    59437    23225
49510    8220    21483    43027    59383
98231    83643    24969    35380    38890
18529    49314    5211    75686    78618


-----------------------------------------------
Method: division mod113
Hash Table size: 120
	bucket size: 1
Collision handling scheme: chaining
	primary collisions: 46
	secondary collisions: 17
	total collisions: 63
Keys not inserted: []
Load factor: 1.0
Hash table: 
----    59690    21359    ----    62105
63809    ----    58903    ----    18529
92417    59437    57642    21483    72839
35380    94371    48766    56405    43027
----    ----    17876    69019    ----
98231    25790    30989    37987    ----
38663    88736    34774    49314    58229
----    ----    11003    46207    45399
89310    ----    55186    78703    45244
54059    18661    88566    54853    70849
24571    84050    75686    79492    ----
58695    9976    32005    59383    23225
98427    49407    59096    69949    5211
49837    2453    11122    15436    23275
----    94480    80071    83643    59512
49510    31644    29542    ----    ----
39630    97467    26524    77148    38890
----    80525    80668    ----    60205
46646    68770    78618    ----    66168
----    32291    22132    36936    24403
54207    7973    ----    38523    8891
----    23384    46551    52201    24969
9602    76357    60972    ----    ----
50046    ----    ----    ----    37172

