Input size: 120
Input keys: 
51771    30989    5491    77700    55626
56405    21132    25790    59512    38523
52201    46646    38663    13759    49407
85918    39630    54207    20100    46732
2453    98514    7973    65233    37716
15436    46207    88736    88556    23384
46679    36936    37172    8891    66168
9602    91925    68770    80668    79492
54853    94371    21359    63809    62105
69949    32005    87987    34772    80525
48766    55186    72839    47285    26524
98427    89310    84050    46551    77148
69514    50046    59096    59690    80608
58695    58903    60205    32291    37987
54059    76357    69019    86583    92417
82090    34774    68185    70849    97467
49837    23275    60972    4444    31644
11122    78703    22132    45244    71939
88566    24403    29542    58229    17876
57642    80071    11003    24571    9976
45399    18661    94480    59437    23225
49510    8220    21483    43027    59383
98231    83643    24969    35380    38890
18529    49314    5211    75686    78618


-----------------------------------------------
Method: division mod120
Hash Table size: 120
	bucket size: 1
Collision handling scheme: quadratic
	c1 = 0.5; c2 = 0.5
	primary collisions: 352
	secondary collisions: 233
	total collisions: 585
Keys not inserted: [78618]
Load factor: 0.9916666666666667
Hash table: 
21359    52201    9602    38523    26524
56405    91925    46207    80525    72839
68770    8891    21132    54853    32291
47285    50046    92417    58695    69019
82090    88566    60972    38663    21483
68185    9976    87987    80668    30989
39630    89310    4444    98427    69514
58229    37716    76357    49837    45399
45244    80071    97467    24403    18529
57642    48766    59437    66168    70849
84050    51771    46732    2453    7973
79492    88736    94371    22132    59096
77700    20100    54059    86583    18661
62105    55626    37987    94480    71939
49510    59690    98231    65233    59383
23225    15436    29542    83643    13759
35380    8220    11122    11003    31644
32005    46646    49407    54207    63809
----    5491    37172    34772    80608
60205    36936    34774    38890    24969
43027    24571    5211    58903    23384
49314    55186    75686    77148    69949
25790    46551    59512    78703    98514
23275    88556    17876    85918    46679

