Input size: 80
Input keys: 
94568    48608    10964    59281    70339
78285    75636    90443    63175    5259
26594    50692    31934    80591    96968
31668    86954    50115    69370    61813
76112    65814    75209    20117    24758
72571    23812    14918    34631    23193
4774    77799    66248    44515    89934
42116    89334    22404    32760    40114
87176    87584    64611    67454    81180
23907    50349    39278    92669    88707
6024    64217    66161    57425    68816
82062    51749    78668    57862    57553
82502    7302    93618    77444    85581
45908    73408    1859    19446    66337
6308    42798    43842    59390    13253
49351    73980    79907    91060    79939


-----------------------------------------------
Method: division mod113
Hash Table size: 120
	bucket size: 1
Collision handling scheme: linear
	primary collisions: 43
	secondary collisions: 42
	total collisions: 85
Keys not inserted: []
Load factor: 0.6666666666666666
Hash table: 
68816    ----    61813    10964    20117
14918    88707    57862    63175    87584
92669    24758    82502    19446    96968
66337    79907    ----    48608    ----
78668    57425    80591    ----    82062
72571    ----    ----    31668    23193
4774    66248    22404    64217    45908
6024    57553    13253    ----    75636
26594    77444    85581    90443    ----
----    81180    ----    65814    79939
----    1859    ----    70339    34631
77799    50115    86954    87176    66161
93618    5259    ----    76112    75209
89334    23907    50349    50692    59281
31934    39278    7302    73408    59390
----    ----    ----    73980    ----
42116    ----    23812    49351    42798
----    ----    ----    64611    78285
----    ----    ----    6308    ----
91060    ----    ----    ----    89934
94568    69370    ----    32760    ----
----    44515    67454    51749    ----
----    43842    40114    ----    ----
----    ----    ----    ----    ----

