Input size: 80
Input keys: 
94568    48608    10964    59281    70339
78285    75636    90443    63175    5259
26594    50692    31934    80591    96968
31668    86954    50115    69370    61813
76112    65814    75209    20117    24758
72571    23812    14918    34631    23193
4774    77799    66248    44515    89934
42116    89334    22404    32760    40114
87176    87584    64611    67454    81180
23907    50349    39278    92669    88707
6024    64217    66161    57425    68816
82062    51749    78668    57862    57553
82502    7302    93618    77444    85581
45908    73408    1859    19446    66337
6308    42798    43842    59390    13253
49351    73980    79907    91060    79939


-----------------------------------------------
Method: division mod120
Hash Table size: 120
	bucket size: 1
Collision handling scheme: linear
	primary collisions: 34
	secondary collisions: 31
	total collisions: 65
Keys not inserted: []
Load factor: 0.6666666666666666
Hash table: 
32760    59281    ----    ----    ----
----    19446    ----    94568    48608
96968    69370    66248    61813    31934
67454    ----    64217    93618    70339
79939    85581    57862    ----    6024
----    ----    23907    88707    92669
51749    49351    76112    23193    40114
----    75636    ----    24758    14918
77799    39278    66161    43842    10964
78285    77444    ----    ----    ----
----    64611    50692    23812    65814
63175    89934    89334    87176    68816
81180    1859    82502    13253    73980
57425    ----    ----    78668    50349
45908    80591    34631    57553    26594
86954    50115    20117    6308    42798
----    ----    ----    90443    22404
----    ----    ----    73408    75209
----    72571    ----    ----    4774
----    ----    66337    ----    5259
91060    ----    82062    7302    87584
----    ----    79907    31668    ----
59390    ----    ----    ----    ----
44515    42116    ----    ----    ----

