Input size: 84
Input keys: 
14259    36629    17979    98726    39960
41867    92019    1190    69690    4117
6634    55043    69567    75067    84904
55442    85455    17997    9876    82754
29589    35421    79690    35039    46052
46643    22090    83043    95652    94617
60605    96972    27313    98862    14273
21315    73948    27901    65967    70289
35917    20072    27310    85396    26909
3438    24729    34455    16988    43471
13830    25845    51795    36586    63181
73074    12637    73546    21788    53062
7812    59599    54157    74141    55947
80434    61128    44365    42050    31006
5241    10233    7142    17068    95130
50015    33871    38083    53580    62571
70046    25744    76556    67390

-----------------------------------------------
Method: division mod41
Hash Table size: 120
	bucket size: 3
Collision handling scheme: linear
	primary collisions: 2
	secondary collisions: 0
	total collisions: 2
Keys not inserted: []
Load factor: 0.7
Hash table: 
1    95652    63181    ----
2    1190    35917    ----
3    ----    ----    ----
4    44365    ----    ----
5    27310    ----    ----
6    14273    33871    62571
7    41867    24729    ----
8    60605    96972    27313
9    53062    7142    ----
10    46052    12637    76556
11    55442    31006    95130
12    85455    98862    43471
13    51795    73074    17068
14    26909    13830    74141
15    16988    36586    ----
16    92019    70289    34455
17    36629    82754    25845
18    4117    21788    ----
19    83043    70046    ----
20    ----    ----    ----
21    ----    ----    ----
22    17979    55043    27901
23    7812    ----    ----
24    20072    55947    ----
25    10233    ----    ----
26    35039    73948    42050
27    39960    46643    59599
28    79690    67390    ----
29    29589    ----    ----
30    ----    ----    ----
31    94617    ----    ----
32    69690    69567    ----
33    14259    22090    ----
34    6634    73546    80434
35    84904    85396    5241
36    3438    38083    53580
37    9876    21315    50015
38    75067    54157    25744
39    35421    61128    ----
40    98726    17997    65967
