605.420 Algorithms of Bioinformatics	            Project 2

14259
36629
17979
98726
39960
41867
92019
1190
69690
4117
6634
55043
69567
75067
84904
55442
85455
17997
9876
82754
29589
35421
79690
35039
46052
46643
22090
83043
95652
94617
60605
96972
27313
98862
14273
21315
73948
27901
65967
70289
35917
20072
27310
85396
26909
3438
24729
34455
16988
43471
13830
25845
51795
36586
63181
73074
12637
73546
21788
53062
7812
59599
54157
74141
55947
80434
61128
44365
42050
31006
5241
10233
7142
17068
95130
50015
33871
38083
53580
62571
70046
25744
76556
67390
