605.420 Algorithms of Bioinformatics	            Project 2

51255
7597
47338
17605
49075
48085
5443
37048
79764
72427
48636
64879
54030
48791
75534
56818
23366
33741
5166
14570
59397
91580
61798
6453
32085
30633
43810
43459
92551
60157
36689
41783
75590
1472
29680
19270
96096
91262
57902
64528
78925
51586
65398
32541
82714
34821
26051
67160
70003
99788
16911
22805
7617
28493
98930
50229
39094
67927
32569
87680
57263
68980
62332
47625
58780
26410
66328
27687
17145
26820
83190
16546
25399
83477
58544
98626
96591
29459
66066
42578
79786
66639
44522
44614
4332
91209
85553
40474
70276
43665
54806
85890
26286
35476
98975
39409
2256
24113
62684
70362
90314
81450
58220
40491
49213
35158
85372
62636
