605.420 Algorithms of Bioinformatics	            Project 2

51771
30989
5491
77700
55626
56405
21132
25790
59512
38523
52201
46646
38663
13759
49407
85918
39630
54207
20100
46732
2453
98514
7973
65233
37716
15436
46207
88736
88556
23384
46679
36936
37172
8891
66168
9602
91925
68770
80668
79492
54853
94371
21359
63809
62105
69949
32005
87987
34772
80525
48766
55186
72839
47285
26524
98427
89310
84050
46551
77148
69514
50046
59096
59690
80608
58695
58903
60205
32291
37987
54059
76357
69019
86583
92417
82090
34774
68185
70849
97467
49837
23275
60972
4444
31644
11122
78703
22132
45244
71939
88566
24403
29542
58229
17876
57642
80071
11003
24571
9976
45399
18661
94480
59437
23225
49510
8220
21483
43027
59383
98231
83643
24969
35380
38890
18529
49314
5211
75686
78618