605.420 Algorithms of Bioinformatics	            Project 2

51255
7597
47338
17605
49075
48085
5443
37048
79764
72427
48636
64879
54030
48791
75534
56818
23366
33741
5166
14570
59397
91580
61798
6453
32085
30633
43810
43459
92551
60157
36689
41783
75590
1472
29680
19270
51255
7597
47338
17605
49075
48085
5443
37048
79764
72427
48636
64879
54030
48791
75534
56818
23366
33741
5166
14570
59397
91580
61798
6453
32085
30633
43810
43459
92551
60157
36689
41783
75590
1472
29680
19270
51255
7597
47338
17605
49075
48085
5443
37048
79764
72427
48636
64879
54030
48791
75534
56818
23366
33741
5166
14570
59397
91580
61798
6453
32085
30633
43810
43459
92551
60157
36689
41783
75590
1472
29680
19270