605.420 Algorithms of Bioinformatics	            Project 2

94568
48608
10964
59281
70339
78285
75636
90443
63175
5259
26594
50692
31934
80591
96968
31668
86954
50115
69370
61813
76112
65814
75209
20117
24758
72571
23812
14918
34631
23193
4774
77799
66248
44515
89934
42116
89334
22404
32760
40114
87176
87584
64611
67454
81180
23907
50349
39278
92669
88707
6024
64217
66161
57425
68816
82062
51749
78668
57862
57553
82502
7302
93618
77444
85581
45908
73408
1859
19446
66337
6308
42798
43842
59390
13253
49351
73980
79907
91060
79939