Input size: 108
Input keys: 
51255    7597    47338    17605    49075
48085    5443    37048    79764    72427
48636    64879    54030    48791    75534
56818    23366    33741    5166    14570
59397    91580    61798    6453    32085
30633    43810    43459    92551    60157
36689    41783    75590    1472    29680
19270    51255    7597    47338    17605
49075    48085    5443    37048    79764
72427    48636    64879    54030    48791
75534    56818    23366    33741    5166
14570    59397    91580    61798    6453
32085    30633    43810    43459    92551
60157    36689    41783    75590    1472
29680    19270    51255    7597    47338
17605    49075    48085    5443    37048
79764    72427    48636    64879    54030
48791    75534    56818    23366    33741
5166    14570    59397    91580    61798
6453    32085    30633    43810    43459
92551    60157    36689    41783    75590
1472    29680    19270

-----------------------------------------------
Method: division mod113
Hash Table size: 120
	bucket size: 1
Collision handling scheme: quadratic
	c1 = 0.5; c2 = 0.5
	primary collisions: 157
	secondary collisions: 233
	total collisions: 390
Keys not inserted: []
Load factor: 0.9
Hash table: 
72427    79764    48085    1472    92551
92551    1472    56818    14570    33741
30633    30633    6453    6453    32085
23366    54030    64879    64879    5443
5443    75590    54030    64879    1472
5443    7597    7597    41783    7597
48791    54030    61798    49075    49075
----    49075    59397    14570    37048
6453    60157    60157    75590    60157
43459    48636    48636    32085    48636
75534    91580    29680    75534    ----
30633    91580    ----    19270    92551
48085    19270    ----    48085    ----
75534    51255    33741    43459    51255
33741    91580    59397    59397    29680
29680    51255    36689    36689    43810
43810    5166    5166    36689    5166
43810    41783    41783    48791    23366
17605    17605    56818    56818    48791
43459    19270    37048    37048    79764
61798    61798    79764    23366    47338
47338    14570    72427    72427    32085
47338    17605    75590    ----    ----
----    ----    ----    ----    ----

