Input size: 108
Input keys: 
51255    7597    47338    17605    49075
48085    5443    37048    79764    72427
48636    64879    54030    48791    75534
56818    23366    33741    5166    14570
59397    91580    61798    6453    32085
30633    43810    43459    92551    60157
36689    41783    75590    1472    29680
19270    51255    7597    47338    17605
49075    48085    5443    37048    79764
72427    48636    64879    54030    48791
75534    56818    23366    33741    5166
14570    59397    91580    61798    6453
32085    30633    43810    43459    92551
60157    36689    41783    75590    1472
29680    19270    51255    7597    47338
17605    49075    48085    5443    37048
79764    72427    48636    64879    54030
48791    75534    56818    23366    33741
5166    14570    59397    91580    61798
6453    32085    30633    43810    43459
92551    60157    36689    41783    75590
1472    29680    19270

-----------------------------------------------
Method: division mod113
Hash Table size: 120
	bucket size: 1
Collision handling scheme: linear
	primary collisions: 312
	secondary collisions: 648
	total collisions: 960
Keys not inserted: []
Load factor: 0.9
Hash table: 
75590    47338    79764    1472    92551
92551    1472    72427    48791    56818
30633    30633    6453    6453    23366
14570    54030    64879    64879    5443
5443    54030    5443    64879    54030
61798    7597    7597    7597    6453
32085    30633    43810    49075    49075
49075    43459    92551    36689    41783
75590    60157    60157    60157    1472
29680    48636    48636    48636    ----
75534    91580    75534    91580    75534
91580    ----    ----    ----    ----
48085    19270    48085    19270    48085
19270    51255    33741    43459    51255
33741    43459    59397    59397    29680
29680    51255    36689    36689    43810
43810    5166    5166    33741    5166
59397    41783    41783    48791    23366
17605    17605    56818    48791    56818
23366    17605    37048    37048    79764
61798    79764    61798    37048    47338
47338    14570    72427    32085    75590
72427    14570    32085    ----    ----
----    ----    ----    ----    ----

